-20   30  ;
-40   10  ;
130   -10  ;
-40   20  ;
0   0  ;
-10   40  ;
-60   0  ;
20   -30  ;
0   20  ;
-80   10  ;
0   0  ;
0   10  ;
0   0  ;
0   0  ;
-60   0  ;
60   -10  ;
0   0  ;
150   -60  ;
0   0  ;
140   -60  ;
-80   30  ;
?	;
0   0  ;
-50   20  ;
-30   80  ;
180   -70  ;
-10   50  ;
-60   20  ;
-50   20  ;
-80   30  ;
-50   20  ;
-40   40  ;
-30   20  ;
-80   20  ;
-10   30  ;
-90   30  ;
0   20  ;
-30   10  ;
0   0  ;
0   40  ;
-30   20  ;
-60   0  ;
-60   0  ;
