[ -48.74,	 17.08,	 1.659,	     0,	     0,	     0,	     0,	     0,	     0,	    30,		]
[  17.08,	-31.59,	 4.506,	     0,	     0,	    10,	     0,	     0,	     0,	     0,		]
[  1.659,	 4.506,	-26.16,	     0,	     0,	     0,	     0,	    20,	     0,	     0,		]
[      0,	     0,	     0,	   -30,	    10,	     0,	     0,	    20,	     0,	     0,		]
[      0,	     0,	     0,	    10,	   -60,	     0,	    50,	     0,	    20,	     0,		]
[      0,	    10,	     0,	     0,	     0,	   -40,	    10,	     0,	     0,	     0,		]
[      0,	     0,	     0,	     0,	    50,	    10,	  -120,	     0,	     0,	    40,		]
[      0,	     0,	    20,	    20,	     0,	     0,	     0,	   -50,	    10,	     0,		]
[      0,	     0,	     0,	     0,	    20,	     0,	     0,	    10,	   -30,	     0,		]
[     30,	     0,	     0,	     0,	     0,	     0,	    40,	     0,	     0,	   -70,		]
