[ 180     -70     0     0     0     0     0     0     0     0     0     0     0     0     0     0     0     0     0     0     0     -20     0     0     0     0     0     0     0     0     0     0     0     0     0     0     0     0     0     0     0     0     0      ]
[ -70     400     -70     -60     0     0     0     0     0     0     0     0     0     0     0     0     0     0     0     0     0     0     0     0     0     0     0     0     0     0     0     0     0     0     0     0     0     0     0     0     0     0     0      ]
[ 0     -70     400     -40     0     0     0     0     0     -30     0     0     0     0     0     0     0     0     0     0     -60     0     0     0     0     0     0     0     0     0     0     0     0     0     0     0     0     0     0     0     0     0     0      ]
[ 0     -60     -40     340     0     0     0     0     -10     -60     0     0     0     0     0     0     0     0     0     0     0     0     0     0     0     0     0     0     0     0     0     0     0     0     0     0     0     0     0     0     0     0     0      ]
[ 0     0     0     0     280     0     0     0     0     0     0     -70     0     -10     -60     0     0     0     0     0     0     0     0     0     0     0     0     0     0     0     0     0     0     0     0     0     0     0     0     0     0     0     0      ]
[ 0     0     0     0     0     300     -70     0     0     -70     -10     0     0     0     0     0     0     0     0     0     0     0     0     0     0     0     0     0     0     0     0     0     0     0     0     0     0     0     0     0     0     0     0      ]
[ 0     0     0     0     0     -70     140     0     0     0     0     0     0     0     0     0     0     0     0     0     0     0     0     0     0     0     0     0     0     0     0     0     0     0     0     0     0     0     0     0     0     0     0      ]
[ 0     0     0     0     0     0     0     180     0     0     0     0     0     -20     0     -70     0     0     0     0     0     0     0     0     0     0     0     0     0     0     0     0     0     0     0     0     0     0     0     0     0     0     0      ]
[ 0     0     0     -10     0     0     0     0     20     0     0     0     0     0     0     0     0     0     0     0     0     0     0     0     0     0     0     0     0     0     0     0     0     0     0     0     0     0     0     0     0     0     0      ]
[ 0     0     -30     -60     0     -70     0     0     0     340     0     -10     0     0     0     0     0     0     0     0     0     0     0     0     0     0     0     0     0     0     0     0     0     0     0     0     0     0     0     0     0     0     0      ]
[ 0     0     0     0     0     -10     0     0     0     0     120     0     0     0     -50     0     0     0     0     0     0     0     0     0     0     0     0     0     0     0     0     0     0     0     0     0     0     0     0     0     0     0     0      ]
[ 0     0     0     0     -70     0     0     0     0     -10     0     320     -50     -30     0     0     0     0     0     0     0     0     0     0     0     0     0     0     0     0     0     0     0     0     0     0     0     0     0     0     0     0     0      ]
[ 0     0     0     0     0     0     0     0     0     0     0     -50     160     0     0     0     0     0     0     0     -30     0     0     0     0     0     0     0     0     0     0     0     0     0     0     0     0     0     0     0     0     0     0      ]
[ 0     0     0     0     -10     0     0     -20     0     0     0     -30     0     120     0     0     0     0     0     0     0     0     0     0     0     0     0     0     0     0     0     0     0     0     0     0     0     0     0     0     0     0     0      ]
[ 0     0     0     0     -60     0     0     0     0     0     -50     0     0     0     220     0     0     0     0     0     0     0     0     0     0     0     0     0     0     0     0     0     0     0     0     0     0     0     0     0     0     0     0      ]
[ 0     0     0     0     0     0     0     -70     0     0     0     0     0     0     0     360     0     -40     0     0     -70     0     0     0     0     0     0     0     0     0     0     0     0     0     0     0     0     0     0     0     0     0     0      ]
[ 0     0     0     0     0     0     0     0     0     0     0     0     0     0     0     0     100     0     0     -40     0     0     0     -10     0     0     0     0     0     0     0     0     0     0     0     0     0     0     0     0     0     0     0      ]
[ 0     0     0     0     0     0     0     0     0     0     0     0     0     0     0     -40     0     260     0     -40     -50     0     0     0     0     0     0     0     0     0     0     0     0     0     0     0     0     0     0     0     0     0     0      ]
[ 0     0     0     0     0     0     0     0     0     0     0     0     0     0     0     0     0     0     80     -20     0     0     -20     0     0     0     0     0     0     0     0     0     0     0     0     0     0     0     0     0     0     0     0      ]
[ 0     0     0     0     0     0     0     0     0     0     0     0     0     0     0     0     -40     -40     -20     200     0     0     0     0     0     0     0     0     0     0     0     0     0     0     0     0     0     0     0     0     0     0     0      ]
[ 0     0     -60     0     0     0     0     0     0     0     0     0     -30     0     0     -70     0     -50     0     0     560     -30     -40     0     0     0     0     0     0     0     0     0     0     0     0     0     0     0     0     0     0     0     0      ]
[ -20     0     0     0     0     0     0     0     0     0     0     0     0     0     0     0     0     0     0     0     -30     160     0     0     0     0     0     0     0     0     -30     0     0     0     0     0     0     0     0     0     0     0     0      ]
[ 0     0     0     0     0     0     0     0     0     0     0     0     0     0     0     0     0     0     -20     0     -40     0     140     0     0     0     -10     0     0     0     0     0     0     0     0     0     0     0     0     0     0     0     0      ]
[ 0     0     0     0     0     0     0     0     0     0     0     0     0     0     0     0     -10     0     0     0     0     0     0     60     0     0     0     0     -20     0     0     0     0     0     0     0     0     0     0     0     0     0     0      ]
[ 0     0     0     0     0     0     0     0     0     0     0     0     0     0     0     0     0     0     0     0     0     0     0     0     60     -10     0     0     -20     0     0     0     0     0     0     0     0     0     0     0     0     0     0      ]
[ 0     0     0     0     0     0     0     0     0     0     0     0     0     0     0     0     0     0     0     0     0     0     0     0     -10     280     0     -50     0     -20     0     -60     0     0     0     0     0     0     0     0     0     0     0      ]
[ 0     0     0     0     0     0     0     0     0     0     0     0     0     0     0     0     0     0     0     0     0     0     -10     0     0     0     80     -30     0     0     0     0     0     0     0     0     0     0     0     0     0     0     0      ]
[ 0     0     0     0     0     0     0     0     0     0     0     0     0     0     0     0     0     0     0     0     0     0     0     0     0     -50     -30     380     0     0     -40     0     0     -70     0     0     0     0     0     0     0     0     0      ]
[ 0     0     0     0     0     0     0     0     0     0     0     0     0     0     0     0     0     0     0     0     0     0     0     -20     -20     0     0     0     100     -10     0     0     0     0     0     0     0     0     0     0     0     0     0      ]
[ 0     0     0     0     0     0     0     0     0     0     0     0     0     0     0     0     0     0     0     0     0     0     0     0     0     -20     0     0     -10     60     0     0     0     0     0     0     0     0     0     0     0     0     0      ]
[ 0     0     0     0     0     0     0     0     0     0     0     0     0     0     0     0     0     0     0     0     0     -30     0     0     0     0     0     -40     0     0     140     0     0     0     0     0     0     0     0     0     0     0     0      ]
[ 0     0     0     0     0     0     0     0     0     0     0     0     0     0     0     0     0     0     0     0     0     0     0     0     0     -60     0     0     0     0     0     240     -60     0     0     0     0     0     0     0     0     0     0      ]
[ 0     0     0     0     0     0     0     0     0     0     0     0     0     0     0     0     0     0     0     0     0     0     0     0     0     0     0     0     0     0     0     -60     420     -60     -70     0     0     -20     0     0     0     0     0      ]
[ 0     0     0     0     0     0     0     0     0     0     0     0     0     0     0     0     0     0     0     0     0     0     0     0     0     0     0     -70     0     0     0     0     -60     300     0     0     0     -20     0     0     0     0     0      ]
[ 0     0     0     0     0     0     0     0     0     0     0     0     0     0     0     0     0     0     0     0     0     0     0     0     0     0     0     0     0     0     0     0     -70     0     300     -60     0     -20     0     0     0     0     0      ]
[ 0     0     0     0     0     0     0     0     0     0     0     0     0     0     0     0     0     0     0     0     0     0     0     0     0     0     0     0     0     0     0     0     0     0     -60     180     -30     0     0     0     0     0     0      ]
[ 0     0     0     0     0     0     0     0     0     0     0     0     0     0     0     0     0     0     0     0     0     0     0     0     0     0     0     0     0     0     0     0     0     0     0     -30     80     0     0     0     -10     0     0      ]
[ 0     0     0     0     0     0     0     0     0     0     0     0     0     0     0     0     0     0     0     0     0     0     0     0     0     0     0     0     0     0     0     0     -20     -20     -20     0     0     220     -50     0     0     0     0      ]
[ 0     0     0     0     0     0     0     0     0     0     0     0     0     0     0     0     0     0     0     0     0     0     0     0     0     0     0     0     0     0     0     0     0     0     0     0     0     -50     240     -60     0     -10     0      ]
[ 0     0     0     0     0     0     0     0     0     0     0     0     0     0     0     0     0     0     0     0     0     0     0     0     0     0     0     0     0     0     0     0     0     0     0     0     0     0     -60     220     0     -50     0      ]
[ 0     0     0     0     0     0     0     0     0     0     0     0     0     0     0     0     0     0     0     0     0     0     0     0     0     0     0     0     0     0     0     0     0     0     0     0     -10     0     0     0     100     0     -40      ]
[ 0     0     0     0     0     0     0     0     0     0     0     0     0     0     0     0     0     0     0     0     0     0     0     0     0     0     0     0     0     0     0     0     0     0     0     0     0     0     -10     -50     0     200     -40      ]
[ 0     0     0     0     0     0     0     0     0     0     0     0     0     0     0     0     0     0     0     0     0     0     0     0     0     0     0     0     0     0     0     0     0     0     0     0     0     0     0     0     -40     -40     160      ]
